0.00000000 0.00000000 0.00000000
0.00000000 0.00000000 0.00000000
0.00000000 0.00000000 0.00000000
0.00000000 0.00000000 0.00000000
0.00000000 0.00000000 0.00000000
0.00000000 0.00000000 0.00000000
0.00000000 0.00000000 0.00000000
0.00000000 0.00000000 0.00000000
0.00000000 0.00000000 0.00000000
0.00000000 0.00000000 0.00000000
0.00000000 0.00000000 0.00000000
0.00000000 0.00000000 0.00000000
0.00000000 0.00000000 0.00000000
0.00000000 0.00000000 0.00000000
0.00000000 0.00000000 0.00000000
0.00000000 0.00000000 0.00000000
0.00000000 0.00000000 0.00000000
0.00000000 0.00000000 0.00000000
0.00000000 0.00000000 0.00000000
0.00000000 0.00000000 0.00000000
0.00000000 0.00000000 0.00000000
0.00000000 0.00000000 0.00000000
0.00000000 0.00000000 0.00000000
0.00000000 0.00000000 0.00000000
0.00000000 0.00000000 0.00000000
0.00000000 0.00000000 0.00000000
0.00000000 0.00000000 0.00000000
0.00000000 0.00000000 0.00000000
0.00000000 0.00000000 0.00000000
0.00000000 0.00000000 0.00000000
0.00000000 0.00000000 0.00000000
0.00000000 0.00000000 0.00000000
0.00000000 0.00000000 0.00000000
0.00000000 0.00000000 0.00000000
0.00000000 0.00000000 0.00000000
0.00000000 0.00000000 0.00000000
0.00000000 0.00000000 0.00000000
0.00000000 0.00000000 0.00000000
0.00000000 0.00000000 0.00000000
0.00000000 0.00000000 0.00000000
0.00000000 0.00000000 0.00000000
0.00000000 0.00000000 0.00000000
0.00000000 0.00000000 0.00000000
0.00000000 0.00000000 0.00000000
0.00000000 0.00000000 0.00000000
0.00000000 0.00000000 0.00000000
0.00000000 0.00000000 0.00000000
0.00000000 0.00000000 0.00000000
0.00000000 0.00000000 0.00000000
0.00000000 0.00000000 0.00000000
0.00000000 0.00000000 0.00000000
0.00000000 0.00000000 0.00000000
0.00000000 0.00000000 0.00000000
0.00000000 0.00000000 0.00000000
0.00000000 0.00000000 0.00000000
0.00000000 0.00000000 0.00000000
0.00000000 0.00000000 0.00000000
-0.00769508 0.00013717 0.00000000
-0.00130086 -0.00073846 0.00000000
0.01274594 -0.00079586 0.00000000
0.00756330 -0.00086864 0.00000000
-0.02003651 -0.00085116 0.00000000
-0.00464723 -0.00066477 0.00000000
0.00437359 -0.00065783 0.00000000
0.00116777 -0.00060873 0.00000000
-0.00302708 -0.00053862 0.00000000
0.00575763 -0.00088569 0.00000000
0.00513760 -0.00099320 0.00000000
0.01222115 -0.00147262 0.00000000
0.00810123 -0.00216702 0.00000000
0.01728872 -0.00162651 0.00000000
0.01817889 -0.00189506 0.00000000
-0.02245219 -0.00252583 0.00000000
-0.02456916 -0.00199512 0.00000000
0.01500364 -0.00137579 0.00000000
0.04011158 0.00016814 0.00000000
0.03517287 -0.00032931 0.00000000
-0.00633463 -0.00253119 0.00000000
-0.03935352 -0.00262516 0.00000000
-0.02821262 -0.00030481 0.00000000
-0.01138605 0.00012253 0.00000000
-0.00768225 -0.00002274 0.00000000
0.00965021 0.00052409 0.00000000
0.02247605 0.00023827 0.00000000
0.01696802 0.00072589 0.00000000
0.01602673 0.00081984 0.00000000
0.01320959 0.00087402 0.00000000
0.01492788 0.00065691 0.00000000
0.01608120 0.00066113 0.00000000
0.01592797 0.00067865 0.00000000
0.01628095 0.00055104 0.00000000
0.02337736 0.00018321 0.00000000
0.01871186 0.00012397 0.00000000
-0.00653780 0.00055230 0.00000000
-0.01979956 0.00007027 0.00000000
-0.02728105 -0.00005018 0.00000000
-0.04176343 -0.00042173 0.00000000
-0.06203099 -0.00149992 0.00000000
-0.06378308 -0.00231536 0.00000000
-0.00081507 -0.00148954 0.00000000
0.04272451 0.00125458 0.00000000
0.02733939 0.00070406 0.00000000
0.02809632 0.00098282 0.00000000
0.02071898 0.00000734 0.00000000
-0.03568060 -0.00175032 0.00000000
-0.05763701 -0.00124089 0.00000000
-0.04550907 -0.00014751 0.00000000
-0.01147795 0.00089593 0.00000000
-0.00732714 0.00073454 0.00000000
0.00454998 0.00059198 0.00000000
0.00466952 0.00098881 0.00000000
-0.00177236 0.00109808 0.00000000
-0.00515213 0.00072149 0.00000000
-0.00987194 0.00058815 0.00000000
-0.00554644 0.00031137 0.00000000
-0.00674248 0.00016179 0.00000000
-0.00334152 -0.00003979 0.00000000
0.00000000 0.00000000 0.00000000
0.00000000 0.00000000 0.00000000
0.00000000 0.00000000 0.00000000
0.00000000 0.00000000 0.00000000
0.00000000 0.00000000 0.00000000
0.00000000 0.00000000 0.00000000
0.00000000 0.00000000 0.00000000
0.00000000 0.00000000 0.00000000
0.00000000 0.00000000 0.00000000
0.00000000 0.00000000 0.00000000
0.00000000 0.00000000 0.00000000
0.00000000 0.00000000 0.00000000
0.00000000 0.00000000 0.00000000
0.00000000 0.00000000 0.00000000
0.00000000 0.00000000 0.00000000
0.00000000 0.00000000 0.00000000
-0.00043266 0.00055845 0.00000000
0.00008199 0.00064537 0.00000000
-0.00085223 0.00063152 0.00000000
-0.00032659 0.00058701 0.00000000
0.00480158 0.00108846 0.00000000
0.00127224 0.00050691 0.00000000
-0.00129582 -0.00021560 0.00000000
-0.00127544 -0.00013904 0.00000000
0.00031794 -0.00013612 0.00000000
0.00103100 -0.00015215 0.00000000
0.00335118 -0.00027145 0.00000000
0.00647821 -0.00048423 0.00000000
0.00705928 -0.00056452 0.00000000
0.00797672 -0.00064274 0.00000000
0.00315137 -0.00025429 0.00000000
-0.00103396 0.00012291 0.00000000
-0.00453570 0.00047375 0.00000000
-0.00497673 0.00052165 0.00000000
0.00000000 0.00000000 0.00000000
0.00000000 0.00000000 0.00000000
0.00000000 0.00000000 0.00000000
0.00000000 0.00000000 0.00000000
0.00000000 0.00000000 0.00000000
0.00000000 0.00000000 0.00000000
0.00000000 0.00000000 0.00000000
0.00000000 0.00000000 0.00000000
0.00000000 0.00000000 0.00000000
0.00000000 0.00000000 0.00000000
0.00000000 0.00000000 0.00000000
0.00000000 0.00000000 0.00000000
0.00000000 0.00000000 0.00000000
0.00000000 0.00000000 0.00000000
0.00000000 0.00000000 0.00000000
0.00000000 0.00000000 0.00000000
0.00000000 0.00000000 0.00000000
0.00000000 0.00000000 0.00000000
0.00000000 0.00000000 0.00000000
0.00000000 0.00000000 0.00000000
0.00000000 0.00000000 0.00000000
0.00000000 0.00000000 0.00000000
0.00000000 0.00000000 0.00000000
0.00000000 0.00000000 0.00000000
0.00000000 0.00000000 0.00000000
0.00000000 0.00000000 0.00000000
0.00000000 0.00000000 0.00000000
0.00000000 0.00000000 0.00000000
0.00000000 0.00000000 0.00000000
0.00000000 0.00000000 0.00000000
0.00000000 0.00000000 0.00000000
0.00000000 0.00000000 0.00000000
0.00000000 0.00000000 0.00000000
0.00000000 0.00000000 0.00000000
0.00000000 0.00000000 0.00000000
0.00000000 0.00000000 0.00000000
0.00000000 0.00000000 0.00000000
-0.00401688 0.00032200 0.00000000
-0.00451442 0.00032917 0.00000000
-0.00185734 0.00007511 0.00000000
-0.00322779 -0.00091368 0.00000000
-0.00281099 -0.00059896 0.00000000
0.00193238 0.00007125 0.00000000
0.00006450 0.00016021 0.00000000
0.00063751 0.00022009 0.00000000
0.00055825 0.00015827 0.00000000
0.00070260 0.00021406 0.00000000
0.00050366 0.00017455 0.00000000
0.00081275 0.00024471 0.00000000
0.00047074 0.00009194 0.00000000
0.00135225 0.00029251 0.00000000
0.00212376 0.00053974 0.00000000
0.00205764 0.00046531 0.00000000
0.00095114 0.00022603 0.00000000
0.00081648 0.00023468 0.00000000
0.00229642 0.00044518 0.00000000
0.00390250 0.00063818 0.00000000
0.00210390 0.00041940 0.00000000
-0.00078425 0.00021668 0.00000000
-0.00411120 0.00017688 0.00000000
-0.00448599 0.00022878 0.00000000
-0.00234767 0.00043620 0.00000000
0.00000000 0.00000000 0.00000000
0.00000000 0.00000000 0.00000000
0.00000000 0.00000000 -0.00310990
0.00000000 0.00000000 -0.00296858
0.00000000 0.00000000 0.00590847
0.00000000 0.00000000 0.00145766
0.00000000 0.00000000 -0.00011332
0.00000000 0.00000000 -0.00126430
0.00000000 0.00000000 -0.00452468
0.00000000 0.00000000 0.00147262
0.00000000 0.00000000 0.00214901
0.00000000 0.00000000 -0.00122832
0.00000000 0.00000000 -0.00020103
0.00000000 0.00000000 0.00000000
0.00000000 0.00000000 0.00000000
0.00000000 0.00000000 0.00000000
0.00000000 0.00000000 0.00000000
0.00000000 0.00000000 0.00000000
0.00000000 0.00000000 0.00000000
0.00000000 0.00000000 0.00000000
0.00000000 0.00000000 0.00000000
0.00000000 0.00000000 0.00000000
0.00000000 0.00000000 0.00000000
0.00000000 0.00000000 0.00000000
0.00000000 0.00000000 0.00000000
0.00000000 0.00000000 0.00000000
0.00000000 0.00000000 0.00000000
0.00000000 0.00000000 0.00000000
0.00000000 0.00000000 0.00000000
0.00000000 0.00000000 0.00000000
0.00000000 0.00000000 0.00000000
0.00000000 0.00000000 0.00000000
0.00000000 0.00000000 0.00000000
0.00000000 0.00000000 0.00000000
0.00000000 0.00000000 0.00000000
0.00000000 0.00000000 0.00000000
0.00000000 0.00000000 0.00000000
0.00000000 0.00000000 0.00000000
0.00000000 0.00000000 0.00000000
0.00000000 0.00000000 0.00000000
0.00000000 0.00000000 0.00000000
0.00000000 0.00000000 0.00000000
0.00000000 0.00000000 0.00000000
0.00000000 0.00000000 0.00000000
0.00000000 0.00000000 0.00000000
0.00073333 -0.00005383 0.00000000
-0.00047021 0.00007144 0.00000000
0.00045287 -0.00002633 0.00000000
-0.00036577 0.00006361 0.00000000
-0.00057927 0.00008342 0.00000000
0.00055788 -0.00004043 0.00000000
0.00119265 -0.00010834 0.00000000
0.00147773 -0.00013506 0.00000000
0.00069790 -0.00005532 0.00000000
0.00062860 -0.00004544 0.00000000
0.00116585 -0.00009839 0.00000000
-0.00115409 0.00013671 0.00000000
-0.00103043 0.00012852 0.00000000
0.00025971 0.00000264 0.00000000
-0.00094754 0.00012170 0.00000000
-0.00157835 0.00017509 0.00000000
-0.00128285 0.00015098 0.00000000
0.00093529 -0.00007156 0.00000000
0.00053396 -0.00001879 0.00000000
0.00220455 -0.00020321 0.00000000
-0.00089387 0.00012241 0.00000000
0.00208204 -0.00018272 0.00000000
0.00121113 -0.00008643 0.00000000
-0.00084651 -0.00025401 0.00000000
-0.00052638 -0.00018603 0.00000000
0.00149969 0.00018461 0.00000000
0.00199251 0.00030648 0.00000000
